5.98743 3.91898
-6.10538 1.36766
-9.11616 6.62406
3.1312 -8.39875
-9.86837 -1.37463
-3.0752 9.90111
0.831812 8.83812
0.883211 -0.769426
8.25724 -3.13067
-9.33122 -4.17658
8.98436 0.864836
-2.86175 -6.01941
3.12037 -6.15969
5.69833 9.64178
-2.0266 7.66315
-3.33184 4.17145
-4.97806 -7.5563
-0.29962 -8.17148
-1.58595 -8.97125
5.29945 -1.5897
6.64476 0.302199
4.89063 0.720985
-9.41017 2.9456
7.5026 -9.14299
9.09076 -9.35419
7.80812 -3.38688
-0.281298 6.625
-9.4799 8.75063
-6.98052 6.80718
-3.82085 -0.286943
1.2602 4.30781
5.66867 3.93292
6.14081 -2.01494
-6.64535 5.31056
7.48178 6.85129
-8.97783 7.34559
2.93199 -8.39017
0.811645 7.54638
9.26977 -7.33965
-3.88274 7.66121
-6.74461 4.00032
-3.70905 6.33295
-1.64373 -5.60212
6.12287 5.78761
-8.1325 7.54252
9.5882 3.98633
-8.29877 1.03878
0.194111 -0.555546
8.8586 -1.73516
-4.13026 4.16976
1.12371 -3.80085
-3.93522 6.54169
1.61777 3.3721
-1.7444 6.16855
7.30365 -0.0108389
-9.69601 -4.50207
-5.80949 3.57706
-3.05275 8.18787
-6.93914 -1.1258
-3.95303 -2.53793
-8.65441 4.11974
-5.95518 9.6009
8.17177 -2.88167
1.08941 -0.772938
0.432658 -4.8725
-2.8718 5.00722
-5.98113 6.42835
-6.32207 -2.46282
1.12189 -7.71643
6.32247 -0.808103
-6.53329 9.28371
6.99911 -0.89131
-8.14289 -5.51169
7.46279 7.99954
-3.58459 4.97259
1.39607 1.80497
-2.96595 -3.96435
-8.31585 4.68659
-0.153955 4.07902
-0.748627 -3.22056
-1.60054 2.98821
-3.35052 3.9143
6.30075 5.81817
9.71249 -2.34748
-4.61502 9.07677
2.23543 -2.00521
-6.30753 9.78986
5.01116 -7.37126
-5.86195 -0.103218
8.07103 -3.13529
9.14863 7.66443
3.87507 1.55949
-7.00462 -7.71914
-4.35633 -5.93955
-6.80023 8.41826
-1.82021 -0.375319
-2.66404 1.67869
-4.55171 5.16593
-2.50772 -9.02095
0.491123 -1.19681
1.661 -1.91639
1.42939 -4.87877
4.06338 5.01064
4.96805 -0.642237
6.18163 2.12851
-3.94645 -8.81939
-4.20481 9.48277
-6.13563 5.31537
-9.202 -5.29203
-7.74424 2.60339
7.06575 2.67818
-1.78867 1.6187
-4.01322 -3.97711
-5.1362 -1.01441
1.95126 3.47647
8.22628 -3.22484
-4.44146 6.20462
1.08735 -6.59687
-3.96467 2.54059
8.79326 6.05618
1.22154 -2.89751
-0.107289 -6.54779
-9.63183 -3.68429
-1.64592 -3.1652
2.53576 -7.65036
-5.13394 -9.93456
-9.38799 1.40675
-9.29567 -6.64751
-2.40834 -9.72676
-4.68558 -0.787508
-7.71955 -2.35309
-0.223641 -7.84826
5.25099 -7.17295
-0.565117 2.73011
-4.66963 7.3226
2.45434 8.32062
-1.86358 8.2683
-1.47396 0.303123
-8.11014 1.8138
-9.5331 6.52928
2.25252 0.586189
-8.60911 -4.42179
7.25558 9.04069
-6.78904 6.81377
6.22819 8.40325
-5.66312 2.53745
2.69742 3.59114
0.336168 6.25136
-0.225631 -3.07669
-5.76298 1.37679
